1584105440,1584106334,28,southbound,NOAA 19,1 33591U 09005A   20072.54079465 -.00000027  00000-0  10569-4 0  9991,2 33591  99.1965  75.3635 0013799 351.7389   8.3553 14.12398366571455
1584111475,1584112404,48,southbound,NOAA 19,1 33591U 09005A   20072.54079465 -.00000027  00000-0  10569-4 0  9991,2 33591  99.1965  75.3635 0013799 351.7389   8.3553 14.12398366571455
1584146816,1584147755,69,northbound,NOAA 19,1 33591U 09005A   20072.54079465 -.00000027  00000-0  10569-4 0  9991,2 33591  99.1965  75.3635 0013799 351.7389   8.3553 14.12398366571455
1584191146,1584192010,23,southbound,NOAA 19,1 33591U 09005A   20072.54079465 -.00000027  00000-0  10569-4 0  9991,2 33591  99.1965  75.3635 0013799 351.7389   8.3553 14.12398366571455
1584197171,1584198111,59,southbound,NOAA 19,1 33591U 09005A   20072.54079465 -.00000027  00000-0  10569-4 0  9991,2 33591  99.1965  75.3635 0013799 351.7389   8.3553 14.12398366571455
1584232521,1584233451,57,northbound,NOAA 19,1 33591U 09005A   20072.54079465 -.00000027  00000-0  10569-4 0  9991,2 33591  99.1965  75.3635 0013799 351.7389   8.3553 14.12398366571455
1584238617,1584239477,23,northbound,NOAA 19,1 33591U 09005A   20072.54079465 -.00000027  00000-0  10569-4 0  9991,2 33591  99.1965  75.3635 0013799 351.7389   8.3553 14.12398366571455
1584117927,1584118798,26,southbound,NOAA 18,1 28654U 05018A   20072.47279288  .00000054  00000-0  54016-4 0  9996,2 28654  99.0574 127.9385 0015032 142.0007 218.2228 14.12494823763224
1584123962,1584124879,49,southbound,NOAA 18,1 28654U 05018A   20072.47279288  .00000054  00000-0  54016-4 0  9996,2 28654  99.0574 127.9385 0015032 142.0007 218.2228 14.12494823763224
1584159295,1584160234,66,northbound,NOAA 18,1 28654U 05018A   20072.47279288  .00000054  00000-0  54016-4 0  9996,2 28654  99.0574 127.9385 0015032 142.0007 218.2228 14.12494823763224
1584165415,1584166254,20,northbound,NOAA 18,1 28654U 05018A   20072.47279288  .00000054  00000-0  54016-4 0  9996,2 28654  99.0574 127.9385 0015032 142.0007 218.2228 14.12494823763224
1584203628,1584204472,21,southbound,NOAA 18,1 28654U 05018A   20072.47279288  .00000054  00000-0  54016-4 0  9996,2 28654  99.0574 127.9385 0015032 142.0007 218.2228 14.12494823763224
1584209651,1584210583,61,southbound,NOAA 18,1 28654U 05018A   20072.47279288  .00000054  00000-0  54016-4 0  9996,2 28654  99.0574 127.9385 0015032 142.0007 218.2228 14.12494823763224
1584244995,1584245924,54,northbound,NOAA 18,1 28654U 05018A   20072.47279288  .00000054  00000-0  54016-4 0  9996,2 28654  99.0574 127.9385 0015032 142.0007 218.2228 14.12494823763224
1584251083,1584251954,24,northbound,NOAA 18,1 28654U 05018A   20072.47279288  .00000054  00000-0  54016-4 0  9996,2 28654  99.0574 127.9385 0015032 142.0007 218.2228 14.12494823763224
1584109984,1584110800,21,southbound,NOAA 15,1 25338U 98030A   20072.53240801 -.00000001  00000-0  18206-4 0  9998,2 25338  98.7275  98.0285 0010507 178.8468 181.2738 14.25954303135160
1584115952,1584116854,60,southbound,NOAA 15,1 25338U 98030A   20072.53240801 -.00000001  00000-0  18206-4 0  9998,2 25338  98.7275  98.0285 0010507 178.8468 181.2738 14.25954303135160
1584150972,1584151869,44,northbound,NOAA 15,1 25338U 98030A   20072.53240801 -.00000001  00000-0  18206-4 0  9998,2 25338  98.7275  98.0285 0010507 178.8468 181.2738 14.25954303135160
1584156984,1584157847,27,northbound,NOAA 15,1 25338U 98030A   20072.53240801 -.00000001  00000-0  18206-4 0  9998,2 25338  98.7275  98.0285 0010507 178.8468 181.2738 14.25954303135160
1584200844,1584201755,86,southbound,NOAA 15,1 25338U 98030A   20072.53240801 -.00000001  00000-0  18206-4 0  9998,2 25338  98.7275  98.0285 0010507 178.8468 181.2738 14.25954303135160
1584235898,1584236748,28,northbound,NOAA 15,1 25338U 98030A   20072.53240801 -.00000001  00000-0  18206-4 0  9998,2 25338  98.7275  98.0285 0010507 178.8468 181.2738 14.25954303135160
1584241848,1584242741,45,northbound,NOAA 15,1 25338U 98030A   20072.53240801 -.00000001  00000-0  18206-4 0  9998,2 25338  98.7275  98.0285 0010507 178.8468 181.2738 14.25954303135160
