DMSP 5D-2 F14 (USA 131) 
1 24753U 97012A   20072.56707325 -.00000044  00000-0  74355-6 0  9995
2 24753  99.0279  88.0380 0009747 117.8357 242.3804 14.15885324184507
NOAA 15                 
1 25338U 98030A   20072.53240801 -.00000001  00000-0  18206-4 0  9998
2 25338  98.7275  98.0285 0010507 178.8468 181.2738 14.25954303135160
DMSP 5D-3 F15 (USA 147) 
1 25991U 99067A   20072.61986633 -.00000116  00000-0 -35475-4 0  9998
2 25991  98.9579  43.3037 0010346  21.3699 145.8038 14.16493711 46713
METEOSAT-8 (MSG-1)      
1 27509U 02040B   20072.62431973  .00000122  00000-0  00000-0 0  9990
2 27509   6.5565  54.4982 0001525 357.4571  24.8648  1.00274215 64328
DMSP 5D-3 F16 (USA 172) 
1 28054U 03048A   20072.56316929 -.00000094  00000-0 -26100-4 0  9994
2 28054  98.9021  52.0011 0008093 132.2015 345.8206 14.13665251846092
NOAA 18                 
1 28654U 05018A   20072.47279288  .00000054  00000-0  54016-4 0  9996
2 28654  99.0574 127.9385 0015032 142.0007 218.2228 14.12494823763224
METEOSAT-9 (MSG-2)      
1 28912U 05049B   20072.57586887  .00000000  00000-0  00000-0 0  9995
2 28912   4.2206  70.4922 0001048   9.9608 300.7635  1.00271790 52094
HIMAWARI-7 (MTSAT-2)    
1 28937U 06004A   20072.53233812 -.00000261  00000-0  00000+0 0  9996
2 28937   0.0626 300.6096 0001928  30.7194 175.9570  1.00273300 51414
FORMOSAT-3 FM6          
1 29047U 06011A   20072.57443319  .00000056  00000-0  38265-4 0  9996
2 29047  71.9786 307.7236 0051860 229.8141 129.8450 14.28719725727491
FORMOSAT-3 FM1          
1 29048U 06011B   20072.52105774  .00000030  00000-0  27994-4 0  9991
2 29048  71.9657 218.8543 0044190 188.9513 171.0841 14.28684065729963
FORMOSAT-3 FM5          
1 29049U 06011C   20072.59746365  .00000055  00000-0  38055-4 0  9993
2 29049  72.0220  29.7935 0036438 216.9440 142.9187 14.28766837725765
FORMOSAT-3 FM3          
1 29050U 06011D   20072.52901305  .00000117  00000-0  34968-4 0  9993
2 29050  72.0164 185.9355 0048762 142.8364 217.6182 14.58885768742199
FORMOSAT-3 FM4          
1 29051U 06011E   20072.10968751  .00000083  00000-0  47926-4 0  9996
2 29051  72.0045 293.0334 0066604  93.4878 267.3880 14.28796449728287
FORMOSAT-3 FM2          
1 29052U 06011F   20072.53626445  .00000065  00000-0  41574-4 0  9998
2 29052  72.0368   6.0766 0040316 176.9982 183.1405 14.28898852726672
GOES 13                 
1 29155U 06018A   20072.58738400  .00000021  00000-0  00000-0 0  9996
2 29155   0.3788 273.9061 0004834 318.2414 211.2172  1.00268063 20420
METOP-A                 
1 29499U 06044A   20072.60020274 -.00000016  00000-0  11825-4 0  9998
2 29499  98.5367 122.6453 0001344 122.8399  32.1542 14.21492557694941
DMSP 5D-3 F17 (USA 191) 
1 29522U 06050A   20072.54458598 -.00000008  00000-0  18972-4 0  9990
2 29522  98.8085  90.3704 0011063  93.5203 266.7235 14.14018489689011
FENGYUN 3A              
1 32958U 08026A   20072.51356754 -.00000016  00000-0  12257-4 0  9999
2 32958  98.4000  63.3039 0007529 256.7767 103.2570 14.18620268610976
FENGYUN 2E              
1 33463U 08066A   20071.58744466 -.00000219  00000-0  00000-0 0  9996
2 33463   4.1371  68.7792 0004046 293.7817 105.3310  1.00272070 41149
NOAA 19                 
1 33591U 09005A   20072.54079465 -.00000027  00000-0  10569-4 0  9991
2 33591  99.1965  75.3635 0013799 351.7389   8.3553 14.12398366571455
GOES 14                 
1 35491U 09033A   20072.56589556 -.00000113  00000-0  00000-0 0  9993
2 35491   0.0929 101.7462 0008862 132.3597  36.1422  1.00271333 39188
METEOR-M 1              
1 35865U 09049A   20072.57313686  .00000007  00000-0  21926-4 0  9990
2 35865  98.4326  63.7644 0003432 105.7061 254.4496 14.22229799544153
DMSP 5D-3 F18 (USA 210) 
1 35951U 09057A   20072.54233014  .00000035  00000-0  41546-4 0  9999
2 35951  98.6399  65.7173 0009945 287.4742  72.5344 14.13251519309996
GOES 15                 
1 36411U 10008A   20072.55130144  .00000036  00000-0  00000-0 0  9997
2 36411   0.3460 276.8142 0002276 132.2793 191.6397  1.00275286 36730
COMS 1                  
1 36744U 10032A   20072.58515979 -.00000364  00000-0  00000-0 0  9994
2 36744   0.0151 164.1234 0001242 218.3474 126.9443  1.00268142 28151
FENGYUN 3B              
1 37214U 10059A   20072.82195260  .00000011  00000-0  29041-4 0  9998
2 37214  99.0365  53.1132 0016951 177.0460 183.0820 14.15941513484005
SUOMI NPP               
1 37849U 11061A   20072.57838088 -.00000002  00000-0  19850-4 0  9998
2 37849  98.7288  11.8423 0001182 103.4129  69.5737 14.19545433433888
FENGYUN 2F              
1 38049U 12002A   20072.88461742 -.00000376  00000-0  00000-0 0  9997
2 38049   1.8409  83.5429 0002499  39.9558 117.9513  1.00278617 29956
METEOSAT-10 (MSG-3)     
1 38552U 12035B   20072.57700295  .00000042  00000-0  00000-0 0  9996
2 38552   0.9992   3.2099 0000692 289.1282  95.3911  1.00265896 27954
METOP-B                 
1 38771U 12049A   20072.57864376 -.00000009  00000-0  15840-4 0  9991
2 38771  98.7046 133.3065 0000175  48.4101  88.5179 14.21487590388260
FENGYUN 3C              
1 39260U 13052A   20072.59721471 -.00000006  00000-0  18142-4 0  9995
2 39260  98.5647 126.7871 0012044 131.2587 228.9627 14.15833769334914
METEOR-M 2              
1 40069U 14037A   20072.91454645 -.00000007  00000-0  16372-4 0  9994
2 40069  98.5164 114.0407 0005406 188.2795 171.8292 14.20670902294507
HIMAWARI-8              
1 40267U 14060A   20072.53146576 -.00000295  00000-0  00000-0 0  9995
2 40267   0.0121 158.2894 0001030 231.7764 112.5089  1.00270616 19825
FENGYUN 2G              
1 40367U 14090A   20072.34262487 -.00000318  00000-0  00000+0 0  9993
2 40367   1.8520  96.0417 0003446 327.7555 329.4547  1.00266245 19095
METEOSAT-11 (MSG-4)     
1 40732U 15034A   20072.25674257 -.00000023  00000-0  00000-0 0  9994
2 40732   0.5342 226.9282 0000169  18.1616  17.5718  1.00267039 17108
ELEKTRO-L 2             
1 41105U 15074A   20072.92864612 -.00000116  00000-0  00000-0 0  9996
2 41105   0.9696  98.9246 0001735 294.4142 188.0328  1.00272948 15585
HIMAWARI-9              
1 41836U 16064A   20072.53146576 -.00000294  00000-0  00000-0 0  9993
2 41836   0.0196 159.8924 0001062 224.9323 117.9025  1.00269567 12253
GOES 16                 
1 41866U 16071A   20072.58730118 -.00000267  00000-0  00000-0 0  9990
2 41866   0.0401  49.0382 0000996 348.4515 269.4183  1.00271543 12179
FENGYUN 4A              
1 41882U 16077A   20072.73961387 -.00000347  00000-0  00000-0 0  9994
2 41882   0.1239  84.9207 0004668  18.3577  78.2892  1.00264282 12043
CYGFM05                 
1 41884U 16078A   20072.32381153  .00000265  00000-0  15734-4 0  9991
2 41884  34.9567 303.2767 0016775 258.6175 101.2652 15.14567569179372
CYGFM04                 
1 41885U 16078B   20072.32689716  .00000284  00000-0  16482-4 0  9990
2 41885  34.9499 296.9779 0015155 267.4374  92.4602 15.15076503179435
CYGFM02                 
1 41886U 16078C   20072.31973703  .00000272  00000-0  15907-4 0  9990
2 41886  34.9591 298.6868 0015901 263.9508  95.9392 15.15077237179424
CYGFM01                 
1 41887U 16078D   20072.08267421  .00000276  00000-0  16372-4 0  9999
2 41887  34.9536 305.7612 0017226 257.3359 102.5426 15.14381139179324
CYGFM08                 
1 41888U 16078E   20072.03526949  .00000295  00000-0  17177-4 0  9993
2 41888  34.9504 302.2475 0016408 262.9666  96.9179 15.14794201179344
CYGFM06                 
1 41889U 16078F   20072.62771239  .00000288  00000-0  16715-4 0  9992
2 41889  34.9583 295.4603 0014859 266.5247  93.3764 15.15070661179474
CYGFM07                 
1 41890U 16078G   20072.34252415  .00000279  00000-0  16248-4 0  9994
2 41890  34.9522 296.3712 0014611 266.8713  93.0327 15.15069975179431
CYGFM03                 
1 41891U 16078H   20072.33764196  .00000284  00000-0  16532-4 0  9990
2 41891  34.9554 296.6190 0014101 265.7325  94.1775 15.15065874179434
FENGYUN 3D              
1 43010U 17072A   20072.81695903 -.00000039  00000-0  23279-5 0  9998
2 43010  98.7425  13.2941 0002023  35.6762 324.4553 14.19737393120489
NOAA 20                 
1 43013U 17073A   20072.58034752  .00000006  00000-0  23812-4 0  9990
2 43013  98.7488  12.0106 0000707  89.7827 270.3430 14.19541597119918
GOES 17                 
1 43226U 18022A   20072.54521022  .00000079  00000-0  00000+0 0  9997
2 43226   0.0131  58.8693 0001407 306.1842 224.6324  1.00270501  7498
FENGYUN 2H              
1 43491U 18050A   20072.87816196 -.00000148  00000-0  00000-0 0  9996
2 43491   0.8884 276.8926 0001473 209.7548  79.7515  1.00270183  6575
METOP-C                 
1 43689U 18087A   20072.58887039 -.00000013  00000-0  13919-4 0  9995
2 43689  98.7109 133.5360 0001074 249.0775 111.0288 14.21484928 69833
GEO-KOMPSAT-2A          
1 43823U 18100A   20072.58516078 -.00000363  00000-0  00000+0 0  9993
2 43823   0.0299  15.2946 0001870  36.3078  97.9494  1.00268874  4723
IOD-1 GEMS              
1 44385U 98067QK  20072.56231629  .00012408  00000-0  17382-3 0  9998
2 44385  51.6395  98.8765 0003036 345.7143  14.3763 15.57194287 39383
METEOR-M2 2             
1 44387U 19038A   20072.52039810 -.00000040  00000-0  14164-5 0  9992
2 44387  98.6079  34.5479 0002045 123.7556 236.3817 14.23676819 35745
